# NEST version: 3.8.0
# RecordingBackendASCII version: 2
sender	time_ms
30	1.900
91	1.600
220	1.700
292	1.900
5	2.500
90	2.300
106	2.200
154	3.000
339	2.400
36	3.800
45	3.100
73	3.600
114	3.800
115	3.500
213	3.200
357	3.500
368	3.800
385	3.700
32	4.900
66	4.100
81	4.100
97	4.300
128	5.000
147	4.400
162	4.900
175	4.400
237	4.500
250	5.000
258	4.500
260	4.400
264	4.300
302	4.400
306	4.300
324	4.600
344	4.900
369	4.600
25	6.000
31	5.400
77	5.400
130	5.700
141	5.600
148	5.800
168	5.700
180	5.400
222	5.700
245	5.300
280	5.200
287	5.500
298	5.400
327	5.500
348	5.400
375	5.600
382	5.900
390	5.100
399	5.400
2	6.500
13	6.600
27	6.100
50	6.600
101	6.500
150	7.000
151	6.400
152	6.200
178	7.000
187	6.500
193	6.700
208	6.700
210	6.800
212	6.900
271	6.900
308	6.900
326	6.400
331	6.900
340	6.200
358	6.600
400	6.300
37	7.300
63	7.100
67	7.100
75	7.500
123	7.300
131	7.900
133	7.600
139	7.700
158	7.600
172	8.000
173	7.700
176	7.800
200	7.100
201	7.600
215	7.300
227	7.900
241	7.300
242	7.800
249	7.200
256	7.400
261	7.400
262	7.400
307	7.400
315	7.500
332	7.400
360	7.700
391	7.800
396	7.200
3	8.200
28	8.800
33	8.300
85	8.400
86	8.400
92	8.600
105	8.400
117	8.500
142	8.300
174	8.900
192	8.100
198	8.400
202	8.800
209	8.700
223	8.100
231	8.300
252	8.700
267	8.100
282	8.400
342	8.100
343	8.100
363	8.400
366	8.900
9	9.300
35	9.700
40	9.400
61	9.700
81	9.800
82	9.200
84	9.400
94	9.800
95	9.900
109	9.300
129	9.800
179	9.400
204	9.300
244	9.200
286	9.100
305	9.700
356	9.100
367	10.000
378	9.900
387	9.300
4	10.600
12	10.100
18	10.900
60	10.400
66	10.200
90	10.400
97	10.200
98	10.800
107	10.500
147	10.100
157	10.500
168	10.700
169	10.600
182	10.300
189	10.400
232	10.400
263	10.500
289	10.200
309	10.500
313	10.800
321	10.500
333	10.300
361	11.000
381	10.900
382	10.700
100	11.700
144	11.900
160	11.100
171	11.200
243	11.500
124	12.500
155	12.600
26	14.000
89	13.200
143	13.100
300	13.900
69	14.400
306	14.300
325	15.000
72	15.100
218	15.100
364	16.000
114	17.000
100	17.200
301	17.500
319	17.200
51	18.100
165	18.200
41	19.300
110	19.400
282	19.400
310	19.600
377	20.000
72	21.000
140	20.800
155	20.100
219	20.200
49	21.300
284	22.400
285	22.900
287	22.600
122	24.600
185	24.300
213	24.600
306	24.500
340	24.800
3	27.000
110	26.700
295	26.700
347	26.800
374	26.800
394	27.000
220	27.200
239	27.500
181	28.700
211	28.100
218	28.700
233	28.300
265	29.000
282	28.400
373	28.800
51	29.800
102	29.100
119	29.700
125	30.000
207	30.000
214	29.300
332	29.800
395	29.400
75	30.900
115	30.200
155	30.500
213	30.600
296	30.500
49	31.500
144	32.000
173	32.000
191	31.100
289	31.900
304	31.900
311	31.100
313	31.600
22	32.100
46	32.500
93	32.800
106	32.900
140	32.100
169	32.300
186	32.900
270	32.800
297	32.100
309	32.100
384	32.700
26	33.900
94	33.300
170	33.600
217	33.500
225	33.200
258	33.400
263	34.000
290	34.000
357	33.700
83	34.400
87	34.600
130	34.200
200	34.300
294	34.700
371	34.900
392	34.100
29	35.400
163	35.700
164	35.600
279	35.900
315	35.300
353	35.900
17	36.700
291	36.900
322	36.900
323	36.300
350	36.100
380	36.200
118	37.300
128	37.200
204	37.900
238	38.000
251	37.800
276	37.400
334	37.800
11	38.600
187	38.100
233	38.100
254	38.800
261	38.400
4	39.700
111	39.600
135	39.700
153	40.000
175	39.500
195	39.400
237	40.000
249	39.500
316	39.400
386	39.500
54	40.400
56	40.500
64	40.200
109	40.400
156	40.700
267	40.300
335	40.400
365	40.500
37	41.700
45	42.000
66	42.000
77	41.700
142	41.400
165	41.500
183	41.800
190	41.700
273	41.700
308	41.400
324	41.500
372	41.900
381	41.800
385	41.800
397	41.400
21	42.100
104	42.500
120	42.300
149	42.400
171	42.800
186	42.600
198	42.400
223	42.400
232	42.900
248	42.800
256	42.900
343	42.500
354	42.800
30	44.000
58	43.900
79	43.400
117	43.500
128	43.600
168	44.000
195	44.000
222	43.800
318	43.200
326	43.300
380	43.700
12	44.100
22	45.000
71	44.600
159	44.800
241	44.800
262	44.500
269	45.000
277	45.000
288	44.800
327	44.300
357	44.500
4	45.800
90	45.100
139	45.200
148	45.500
160	45.900
172	45.700
212	45.700
254	45.700
280	46.000
331	45.200
362	45.900
375	45.500
93	46.700
189	46.900
240	46.600
276	46.700
286	46.300
314	46.300
328	46.400
389	46.500
396	46.500
29	47.900
70	47.300
73	47.800
114	47.800
125	47.900
135	47.600
142	47.300
175	47.200
220	47.100
230	47.200
259	47.100
260	47.200
261	47.200
268	47.800
281	47.500
290	47.100
320	47.400
323	47.700
334	47.700
335	47.200
366	47.700
378	47.800
390	47.400
46	48.800
75	48.200
91	48.100
133	48.600
178	48.600
196	48.500
209	48.100
244	48.700
297	48.300
303	48.700
315	48.900
321	48.500
330	49.000
353	48.100
391	48.100
393	48.700
123	49.400
163	49.400
168	49.800
294	49.500
28	50.400
42	50.100
43	50.800
77	50.400
78	50.100
153	50.300
269	50.800
346	50.600
80	51.900
92	51.400
105	51.900
111	51.800
179	52.000
326	51.400
31	52.600
37	52.200
38	52.300
59	52.500
65	53.000
129	52.400
183	52.300
222	52.200
246	52.400
300	52.600
357	52.900
190	53.600
81	54.600
88	54.300
106	55.000
112	54.800
199	54.600
307	54.600
360	54.500
219	55.400
236	55.500
241	55.300
308	55.100
341	55.900
379	56.200
13	57.400
90	57.700
179	57.400
232	57.400
264	57.200
331	57.700
376	57.100
388	57.400
44	58.300
359	59.000
45	59.800
302	59.900
370	59.100
32	61.000
92	60.400
205	60.400
228	61.800
299	61.300
126	62.100
247	62.300
278	62.400
279	63.000
285	64.000
310	63.200
384	63.800
8	64.100
282	64.200
340	64.100
146	65.100
177	65.800
266	66.000
306	65.800
100	66.400
155	66.800
199	66.200
213	66.400
287	66.400
295	66.100
339	66.400
374	66.800
110	67.700
211	67.200
225	68.000
272	67.600
351	67.400
3	68.300
185	68.200
218	68.500
239	68.600
247	68.800
340	68.900
345	68.600
242	69.500
284	69.900
358	69.100
57	70.600
69	70.900
76	70.200
121	70.500
224	70.900
312	70.800
50	71.300
97	71.200
116	71.400
157	71.700
337	71.100
366	71.700
6	72.400
41	72.300
47	73.000
119	72.300
132	73.000
143	72.900
145	73.000
203	72.600
229	73.000
253	72.700
296	72.700
373	72.300
377	72.200
389	72.200
394	73.000
24	73.300
86	73.300
137	73.100
176	73.900
206	73.500
217	73.400
234	73.300
248	73.800
345	73.200
375	74.000
104	74.800
131	74.800
283	74.200
1	75.700
17	75.300
35	75.600
48	75.100
89	75.400
141	75.200
161	75.400
166	75.200
188	75.200
197	75.500
265	75.200
320	75.600
338	75.800
347	75.300
358	75.400
361	75.800
364	75.400
374	75.500
392	75.200
60	76.300
210	76.800
250	76.600
257	76.700
348	76.100
102	77.800
182	78.000
191	77.200
214	77.400
215	77.500
291	77.900
309	78.000
332	77.200
350	77.600
30	78.700
66	78.800
82	78.600
127	79.000
275	78.400
301	78.200
322	78.600
39	79.500
51	79.500
68	79.300
105	79.700
108	79.300
135	79.900
139	79.200
187	79.100
216	79.200
19	80.700
100	80.900
165	80.200
172	80.700
185	80.800
226	80.500
274	80.800
277	80.700
280	81.000
318	80.400
319	80.900
343	80.300
371	80.400
398	80.400
79	81.300
83	81.800
109	81.600
113	81.100
114	81.200
270	81.100
289	81.900
327	81.500
355	81.400
58	82.100
62	82.300
89	82.100
144	82.500
148	82.700
173	82.700
174	82.400
212	82.200
294	83.000
334	82.600
52	83.100
54	83.700
72	83.200
97	83.700
99	83.200
130	83.800
157	83.300
168	83.700
170	83.900
207	83.400
235	83.400
256	83.700
329	83.300
342	84.000
377	84.000
385	83.800
391	83.700
36	84.100
192	84.100
275	84.600
361	84.300
48	85.500
87	85.300
107	85.700
161	85.800
171	86.000
305	85.600
393	85.200
25	86.500
59	87.000
131	87.000
151	86.800
152	86.500
155	86.500
158	86.500
191	86.400
218	86.700
253	86.600
312	86.200
341	86.100
396	86.700
46	87.800
64	87.600
198	88.000
257	88.000
333	87.600
17	88.600
73	88.800
166	88.100
243	88.100
246	88.800
363	88.300
386	88.800
47	89.900
68	89.500
95	89.200
154	89.400
180	89.200
258	89.900
274	89.700
338	89.200
383	89.400
5	91.000
55	91.000
115	90.300
145	90.800
273	90.900
292	90.900
300	90.200
342	90.400
138	91.500
192	92.000
227	91.900
296	91.900
312	91.800
388	91.700
85	93.000
221	92.800
259	92.200
57	93.300
162	93.500
341	93.900
343	94.000
352	93.100
93	94.700
101	94.800
121	95.000
140	94.900
201	94.500
290	94.200
2	95.700
186	95.200
224	95.300
379	95.100
400	95.100
49	96.700
71	96.800
84	96.700
94	96.900
125	96.300
132	96.500
217	96.800
219	96.600
36	97.900
150	97.400
200	97.500
202	97.400
206	97.500
262	97.100
271	97.800
307	97.800
323	97.300
347	97.200
348	97.100
360	97.200
27	98.900
63	98.300
294	98.200
297	99.000
344	98.600
376	98.700
102	99.400
112	99.800
120	99.100
167	100.000
179	99.100
184	99.600
233	99.500
364	99.500
382	99.700
29	100.400
31	101.000
44	100.600
74	100.600
81	100.900
103	100.400
108	100.700
152	100.400
356	100.100
35	101.800
143	101.800
221	101.100
272	101.300
359	101.700
20	102.100
170	102.200
177	102.100
278	102.900
313	102.200
353	102.700
372	102.700
124	103.100
146	103.800
194	103.900
381	103.700
384	104.000
400	103.900
14	104.200
32	104.700
34	104.900
204	104.300
247	104.400
300	104.500
75	105.900
126	106.000
225	105.100
228	105.300
344	106.000
22	106.400
23	106.500
44	106.700
240	106.300
8	107.200
42	108.000
295	107.900
302	107.900
370	107.200
285	108.400
306	108.500
10	109.200
70	109.300
205	109.900
266	110.000
351	109.500
359	109.500
55	111.000
199	110.100
213	110.400
251	110.800
5	111.900
65	111.300
153	111.300
279	111.400
282	111.200
288	111.800
310	111.300
376	112.000
76	112.900
110	112.300
211	112.300
286	112.900
340	112.900
21	113.900
269	113.400
287	113.500
292	113.200
298	113.600
299	113.300
339	113.400
365	114.000
383	113.300
12	114.400
239	114.800
149	115.600
209	115.700
281	115.300
315	115.200
341	115.700
352	115.300
3	116.200
4	117.000
120	116.100
128	116.400
238	116.100
246	116.600
290	116.700
334	116.400
353	116.800
366	116.100
368	117.000
390	116.800
29	117.400
91	117.200
101	117.100
134	117.700
202	117.800
204	117.800
230	117.200
291	117.100
322	117.800
78	118.700
139	118.900
167	118.200
172	118.900
248	119.000
320	118.100
45	119.100
69	119.400
171	119.100
200	119.400
212	119.100
250	119.800
276	119.900
293	120.000
335	119.400
389	120.000
30	120.800
43	120.300
73	120.400
245	121.000
277	121.000
283	120.300
339	120.600
350	120.500
356	120.100
375	120.200
94	121.400
195	121.800
197	121.400
318	121.700
354	121.600
397	121.400
25	122.800
47	122.500
75	122.700
91	123.000
133	122.200
255	122.800
329	122.800
330	123.000
344	122.400
362	123.000
382	122.200
386	122.100
392	123.000
50	123.200
56	123.700
116	123.500
242	123.100
254	123.200
313	123.700
54	124.500
66	124.200
188	124.300
190	124.200
253	124.600
367	124.500
396	125.000
43	126.000
61	125.500
136	125.700
151	125.500
280	125.900
326	125.400
380	125.600
385	125.500
141	126.600
399	126.500
109	127.800
123	128.000
148	127.200
250	127.700
391	127.500
104	128.400
117	128.700
261	128.100
342	129.800
12	130.100
15	131.000
85	130.500
114	130.700
243	130.100
298	130.500
327	130.700
358	130.600
60	131.500
91	131.800
187	131.600
324	131.100
305	132.700
332	132.600
348	133.000
372	132.300
73	133.700
131	133.400
156	133.100
173	133.500
176	133.400
192	133.200
212	133.700
343	133.200
369	134.000
396	133.500
27	134.800
35	134.800
66	134.400
79	134.400
97	134.300
157	134.400
337	134.200
361	134.600
381	134.300
393	134.700
18	135.100
74	135.800
93	135.600
111	135.100
122	135.500
158	136.000
171	135.500
201	135.400
232	135.200
325	135.100
390	136.000
107	136.900
114	136.800
144	136.300
154	137.000
165	136.800
203	136.500
215	136.500
231	136.500
249	136.400
250	136.400
89	137.600
124	137.700
125	137.700
211	137.700
63	138.900
95	138.300
102	138.100
126	138.800
140	138.700
180	138.300
295	138.800
300	138.800
315	138.700
319	138.200
343	139.000
368	138.400
371	138.200
46	139.900
51	139.500
71	139.600
72	139.100
172	139.100
212	139.200
222	139.400
297	139.900
332	139.300
31	140.300
161	140.400
256	140.900
284	140.500
291	141.000
340	140.600
347	140.700
377	140.400
148	141.100
181	141.700
192	141.700
234	141.500
247	141.900
265	141.800
290	141.600
10	142.700
22	142.100
49	142.400
50	142.400
81	142.100
106	142.400
214	142.300
249	143.000
296	143.000
322	142.300
376	142.100
389	143.000
399	142.400
41	143.700
129	143.200
158	143.900
219	143.800
240	143.100
269	143.700
323	143.600
13	144.600
39	144.100
221	144.500
307	144.300
360	144.500
392	144.500
69	145.600
185	145.500
294	145.500
58	146.800
196	146.200
302	147.000
364	146.900
373	146.300
132	147.400
198	148.000
217	147.500
42	148.600
66	148.900
207	148.200
264	149.000
395	148.900
41	149.800
119	149.200
39	150.400
143	150.400
153	150.500
193	151.000
251	150.800
259	150.200
288	151.000
304	150.800
311	150.500
394	150.400
87	153.000
181	152.300
225	152.300
262	152.200
373	152.800
377	152.800
113	153.100
164	153.900
64	155.000
199	155.000
396	154.100
30	155.900
44	155.100
110	155.700
208	155.400
391	155.900
155	156.800
162	157.000
174	156.700
265	156.500
19	157.800
21	157.400
32	157.900
239	157.600
278	157.800
310	157.800
12	158.500
62	158.900
73	158.900
114	158.600
228	158.200
236	158.800
283	158.600
52	159.100
127	159.800
172	159.400
282	159.200
295	159.700
299	159.700
374	159.900
384	159.700
136	160.400
144	161.000
185	160.100
205	161.000
238	160.200
242	161.000
250	160.700
255	160.400
279	160.900
306	160.500
339	160.700
370	160.100
13	161.100
48	161.700
53	161.400
74	161.300
82	161.300
99	161.900
148	162.000
209	162.000
213	161.900
225	161.500
287	161.700
331	161.900
379	161.400
16	162.600
100	162.300
212	162.600
218	162.500
273	162.100
280	162.100
283	163.000
353	163.000
11	163.600
80	163.900
91	163.700
113	163.600
171	163.700
179	163.300
325	164.000
332	163.300
360	163.300
366	164.000
398	163.100
40	164.900
66	164.400
235	165.000
249	164.600
258	164.700
260	164.300
315	164.300
343	164.500
371	164.500
394	164.600
400	164.900
29	165.700
79	165.600
81	165.900
191	165.600
208	165.600
255	165.400
257	165.900
269	165.800
328	166.000
334	165.200
375	165.700
386	166.000
396	165.400
73	166.400
105	166.700
119	166.800
120	166.600
123	166.100
190	166.300
210	166.100
284	167.000
291	166.500
314	166.200
390	166.300
181	167.300
244	167.800
307	167.600
344	167.100
354	167.400
16	168.700
101	168.800
122	168.900
186	169.000
202	168.500
286	169.000
335	169.000
346	168.600
362	168.200
377	169.000
19	169.200
41	169.800
56	169.500
62	169.600
128	169.100
178	169.200
182	169.700
327	170.000
45	170.900
78	170.900
98	171.000
104	170.900
150	170.600
185	171.000
189	171.000
198	170.800
4	171.100
39	172.000
43	171.200
53	171.600
159	172.000
174	171.500
195	171.100
248	171.100
284	172.000
326	171.800
330	171.400
373	171.700
385	171.900
394	171.100
397	171.100
160	172.900
226	172.700
271	172.400
321	173.000
367	172.800
380	172.900
1	173.600
9	173.800
28	173.100
61	173.400
67	173.700
75	173.900
82	173.400
89	173.500
99	173.700
113	173.800
119	173.700
133	173.100
140	173.600
217	173.700
263	173.200
274	173.900
359	173.300
41	174.900
69	174.300
147	174.900
181	174.400
272	174.300
285	174.600
377	174.300
98	175.400
117	175.500
150	175.300
178	175.700
200	175.400
208	175.600
268	175.600
275	175.700
323	175.300
398	175.200
8	177.000
19	176.500
20	176.800
23	176.500
48	176.800
62	176.300
72	176.800
170	176.900
177	177.000
340	176.200
378	176.400
387	176.500
394	176.100
52	177.500
127	177.600
131	177.800
157	177.300
317	177.200
319	177.500
14	178.600
155	178.400
235	178.400
247	178.700
146	179.600
176	179.700
185	179.100
204	179.300
266	179.300
341	179.300
34	180.100
60	180.900
86	180.300
97	180.700
184	180.800
300	180.300
358	180.300
173	181.700
309	181.700
35	182.500
221	182.700
245	183.000
274	182.900
351	182.600
361	182.900
372	182.200
26	184.000
89	183.700
153	183.400
270	183.400
272	183.200
376	183.200
112	184.800
157	184.200
182	184.600
207	184.400
256	184.300
289	184.500
358	184.300
20	185.400
59	185.100
64	185.100
83	185.800
187	185.400
196	185.800
220	185.400
395	185.300
70	186.100
74	186.500
109	186.500
190	186.400
191	186.300
219	187.000
257	187.000
304	186.300
36	187.600
307	187.800
345	187.500
383	187.300
42	188.200
55	188.500
65	188.200
85	188.700
115	188.200
169	189.000
240	188.200
243	189.000
311	188.800
31	189.500
152	189.500
156	189.800
174	190.000
261	189.100
271	189.500
382	189.900
384	189.600
21	190.200
153	190.400
246	190.400
322	190.300
2	191.900
44	191.300
108	191.400
230	191.200
288	191.900
305	192.000
356	192.000
365	191.700
398	191.800
32	192.700
101	192.500
200	192.100
278	192.300
292	192.300
388	192.700
392	192.300
79	193.900
88	193.300
137	193.400
149	193.100
264	193.900
281	193.500
328	193.300
354	193.300
36	194.200
85	194.600
130	194.700
186	194.400
223	194.700
233	194.700
334	194.900
344	194.700
352	194.100
11	195.400
59	195.400
93	195.900
116	195.800
138	195.600
193	195.500
209	195.400
243	195.400
253	195.300
303	195.300
341	195.100
47	196.300
56	196.100
71	196.700
135	196.100
136	196.100
152	196.800
190	197.000
206	196.700
269	196.100
295	196.700
313	196.800
382	196.800
5	198.000
12	197.800
57	197.700
94	197.100
108	197.600
121	197.300
134	197.300
139	197.500
162	197.900
164	197.500
167	197.100
188	197.600
204	197.300
230	197.800
238	197.100
246	197.100
294	197.800
393	197.700
7	198.500
17	198.300
24	198.700
54	198.200
75	198.100
95	198.200
125	198.100
205	198.400
260	198.300
273	198.900
283	198.500
293	199.000
337	198.700
338	198.400
349	198.100
362	198.600
366	198.100
383	198.200
22	199.700
46	199.900
171	199.300
172	199.800
229	199.900
248	199.100
276	199.200
290	199.200
296	199.900
297	199.600
320	199.600
336	199.700
345	199.400
346	199.600
347	199.500
350	199.600
353	199.400
356	199.100
365	199.200
371	199.500
9	200.700
10	200.300
33	200.200
38	200.200
132	200.200
145	200.300
161	200.500
170	200.800
192	200.900
209	200.600
234	200.300
242	200.700
255	200.400
292	200.600
301	200.200
334	200.600
389	200.600
400	200.700
6	201.900
55	201.100
102	201.100
149	201.400
154	201.500
165	201.500
199	201.300
214	201.500
233	201.200
277	201.200
303	201.900
399	201.500
49	203.000
50	202.600
137	203.000
217	202.100
265	202.400
355	202.600
31	203.500
51	203.900
337	203.600
393	203.500
140	204.200
158	204.100
294	204.400
33	206.000
95	205.700
141	205.500
210	205.800
216	205.600
225	205.200
350	205.300
39	206.600
122	206.500
180	206.800
43	207.400
106	207.500
373	207.500
105	208.200
154	209.000
197	208.800
397	208.900
330	210.000
41	211.000
181	210.300
329	210.700
362	211.900
135	212.900
166	212.400
253	212.500
385	212.500
394	212.100
3	214.000
69	213.700
113	213.800
339	213.300
17	214.600
137	214.900
261	214.700
299	214.700
318	214.600
348	214.200
174	215.900
177	215.100
234	215.200
312	215.100
320	215.400
19	217.000
202	216.700
282	216.900
287	216.400
306	217.000
310	216.300
327	216.500
68	217.500
131	217.600
146	217.100
201	217.800
211	217.300
213	218.900
224	218.300
340	219.000
381	218.200
8	219.700
27	219.400
39	219.100
184	219.500
203	219.900
216	220.000
231	220.000
285	219.700
300	219.400
358	219.900
359	219.200
103	220.800
121	220.900
215	220.200
372	220.300
57	221.500
208	221.600
235	221.200
247	222.000
368	222.900
47	223.300
101	224.000
126	223.900
376	223.500
206	224.900
373	224.500
82	225.900
257	225.300
345	225.300
398	226.600
24	227.400
53	227.600
93	227.700
145	227.400
181	227.700
200	227.900
236	227.600
356	227.700
40	228.800
62	228.500
174	228.600
243	228.500
41	229.700
46	229.300
57	230.000
71	229.600
79	229.500
94	229.600
166	229.800
167	229.500
170	229.500
197	229.300
229	229.800
235	229.600
317	230.000
382	229.800
400	230.000
16	230.700
67	230.900
85	230.500
188	230.500
202	230.400
248	230.900
274	230.200
344	230.100
12	231.600
14	231.300
29	231.300
64	231.800
82	231.900
101	231.900
113	231.600
125	231.800
133	231.600
208	231.100
233	231.700
234	231.300
257	231.900
265	231.600
284	232.000
313	232.000
322	231.600
337	232.000
363	231.600
25	232.700
52	232.900
137	232.400
144	232.600
204	233.000
230	232.800
269	232.300
281	232.500
290	232.100
320	233.000
353	232.500
356	233.000
389	232.500
1	233.600
15	234.000
149	233.200
176	233.200
221	233.600
318	233.100
394	233.700
19	234.700
83	234.200
123	235.000
148	234.100
151	234.100
217	234.200
253	234.500
332	234.700
334	234.200
347	234.300
371	234.900
398	234.100
36	235.400
48	235.600
81	235.300
214	235.200
216	235.500
238	236.000
360	235.300
375	235.700
18	236.400
20	236.100
102	236.500
108	236.100
115	236.100
135	236.300
212	237.000
291	236.500
294	236.100
6	237.400
34	238.000
55	237.200
107	237.900
127	237.600
139	238.000
152	237.700
219	237.200
350	238.000
366	237.400
17	238.400
62	238.600
74	238.200
99	238.100
114	238.900
272	238.100
275	238.200
277	238.900
302	238.200
307	238.300
325	238.200
341	238.700
343	238.600
13	239.800
184	239.100
292	239.200
298	239.600
379	240.000
390	239.200
393	239.800
19	240.600
23	241.000
31	240.800
32	240.800
106	240.100
112	240.700
143	240.400
155	240.800
165	240.500
172	240.500
179	240.100
231	240.500
319	240.500
365	240.200
14	241.200
20	242.000
44	242.000
124	241.500
192	241.400
194	241.200
221	241.800
332	241.600
346	241.300
364	241.400
383	241.700
384	241.600
10	242.200
50	242.200
113	242.400
59	243.500
42	244.800
86	244.800
110	244.800
225	244.300
376	244.800
377	244.400
399	244.200
99	245.700
388	245.700
66	246.100
97	246.900
182	246.800
218	246.800
288	246.800
359	246.500
372	246.900
35	247.700
43	247.200
70	247.100
138	247.900
246	247.700
14	248.600
58	248.900
65	249.000
89	248.700
157	248.400
161	248.600
185	248.800
358	248.500
396	248.300
60	249.600
72	249.300
126	249.100
176	249.600
282	249.300
299	249.400
367	250.000
370	249.300
91	250.800
131	250.200
203	250.300
215	250.700
240	250.600
256	250.300
293	250.600
361	250.500
391	250.700
59	251.100
177	251.700
205	251.600
242	251.100
247	251.600
272	251.200
285	251.500
306	251.500
340	251.800
353	251.300
5	252.100
8	252.600
55	253.000
84	253.000
109	252.500
150	252.400
211	252.800
262	252.400
303	252.400
328	252.600
42	253.500
44	253.500
64	253.500
88	253.600
133	254.000
153	253.400
169	253.900
191	253.200
199	253.500
278	253.500
279	254.000
34	254.600
45	254.800
63	254.900
87	254.100
134	254.600
155	254.200
187	255.000
198	254.800
213	254.900
239	254.700
251	254.100
259	255.000
266	254.900
280	254.900
287	254.100
300	254.900
351	254.500
352	254.900
374	254.100
7	255.500
61	255.800
70	255.200
78	255.800
138	255.900
147	255.400
186	255.100
196	255.800
295	255.500
330	255.900
388	255.800
21	256.800
28	256.800
30	256.700
56	256.800
76	256.700
98	256.400
100	256.900
120	256.400
128	256.500
248	256.800
250	256.900
283	256.800
292	256.700
336	256.500
339	256.700
368	256.700
4	258.000
22	257.600
27	257.700
43	257.700
107	257.900
111	257.900
156	257.700
159	257.800
189	257.800
195	257.800
271	258.000
286	257.600
288	257.700
298	257.700
310	257.200
341	258.000
342	257.300
362	257.900
75	258.400
96	258.500
160	258.500
184	258.700
223	258.700
273	258.500
348	258.700
349	258.700
367	258.400
378	258.500
104	259.800
171	259.800
178	259.800
190	259.400
231	259.600
240	259.500
297	259.200
327	259.400
333	259.500
335	259.500
354	259.400
397	259.300
9	260.200
74	260.600
79	260.200
108	260.700
125	260.400
146	260.800
200	260.400
227	260.200
254	260.500
321	260.600
323	261.000
324	261.000
386	260.400
2	261.700
7	261.100
45	261.900
59	261.100
73	261.600
131	261.700
151	262.000
194	261.300
255	261.500
261	261.400
290	261.800
309	261.700
313	261.800
380	261.800
387	261.600
56	262.700
71	262.200
116	262.500
193	262.400
201	262.700
221	262.100
258	262.100
328	262.500
363	262.200
11	263.300
32	263.600
88	263.400
136	263.300
249	263.800
305	263.800
25	265.000
94	264.900
215	264.700
364	264.900
86	265.100
138	265.800
315	265.400
299	266.800
333	266.100
349	266.500
379	266.600
141	267.200
233	267.800
303	268.400
314	268.900
7	269.100
360	269.800
376	270.300
38	271.500
88	271.500
264	271.900
336	271.500
346	272.000
44	272.900
74	272.600
81	272.400
219	272.900
307	272.200
96	273.200
134	273.700
240	273.400
293	273.300
302	274.000
339	273.700
106	274.100
179	274.800
272	274.900
278	274.100
3	275.300
65	275.300
177	275.500
364	275.200
112	276.200
143	277.000
192	276.100
384	276.800
20	277.300
34	277.300
70	277.500
388	277.300
23	279.000
184	278.200
317	278.800
352	279.000
359	278.100
42	279.600
59	280.000
95	279.100
289	279.200
300	279.400
349	279.300
383	279.900
126	280.200
83	281.800
138	281.700
246	282.000
288	281.400
311	281.100
351	281.800
8	282.400
14	282.400
60	282.400
65	282.500
153	282.200
194	282.200
225	282.100
395	282.900
55	283.700
108	283.100
130	283.900
152	283.800
196	283.800
240	283.700
260	283.600
285	283.500
388	283.600
7	284.700
26	284.500
36	284.400
70	284.300
134	284.800
157	284.400
169	284.600
203	284.900
245	284.300
247	284.600
251	284.500
270	284.400
292	284.100
304	284.500
328	284.900
361	284.700
105	285.400
261	285.900
266	285.600
326	286.000
394	285.700
67	286.800
119	286.100
176	286.800
208	286.500
210	286.200
256	286.600
271	286.900
352	286.300
376	286.700
40	287.700
69	287.300
89	287.400
193	288.000
224	287.800
293	287.600
385	287.600
2	289.000
82	288.700
88	288.300
109	288.600
113	288.100
117	288.200
185	288.500
200	288.700
377	288.400
9	289.200
10	289.400
18	289.200
39	289.300
53	289.600
327	289.700
336	289.400
355	290.000
378	289.400
387	289.100
21	290.800
152	291.000
174	290.800
221	290.700
243	290.600
277	290.900
303	290.500
16	291.500
52	291.800
80	291.700
92	291.300
127	291.700
129	291.100
133	291.600
147	291.200
178	291.900
189	291.200
274	291.200
287	291.800
312	291.300
331	291.700
12	292.600
15	292.700
19	292.100
33	292.500
62	292.300
99	292.400
150	293.000
156	292.400
192	292.400
257	292.600
275	292.300
305	292.700
342	292.700
349	293.000
350	293.000
398	292.300
43	293.300
48	293.300
61	293.700
64	293.400
79	293.800
98	293.600
101	293.300
151	293.900
158	293.500
160	293.100
220	293.700
235	293.500
236	293.100
258	293.400
317	293.900
321	293.700
347	293.700
367	293.700
28	294.300
40	294.400
53	294.800
82	294.200
95	294.400
110	294.100
112	294.700
113	294.400
144	294.200
148	294.700
161	294.700
180	294.900
187	294.100
191	294.100
260	294.200
298	294.700
306	294.200
310	294.600
320	294.100
363	294.600
393	294.500
394	294.900
399	294.900
22	295.400
72	295.900
115	295.300
127	295.600
135	296.000
154	295.200
174	295.200
185	295.800
212	295.600
214	295.600
232	295.100
238	295.100
252	295.100
271	295.600
284	295.200
371	295.900
9	296.300
16	296.400
68	296.700
100	296.400
160	296.900
165	296.200
170	296.200
189	296.700
208	297.000
210	296.900
218	296.100
219	296.700
229	296.400
243	296.500
18	297.900
54	297.300
99	297.100
137	297.300
223	297.100
244	298.000
275	297.900
299	297.600
319	298.000
365	297.900
373	297.800
386	297.500
2	298.100
3	298.300
58	298.600
155	298.700
164	298.800
332	298.600
377	298.100
397	299.000
114	299.300
166	299.200
181	299.500
339	299.600
350	299.200
392	299.700
